f 1006 1002 1005
f 1 6 35
f 6 9 35
f 9 10 35
f 10 12 35
f 35 12 46
f 12 11 46
f 11 30 46
f 30 44 46
f 44 43 46
f 43 1039 46
f 1039 1026 46
f 1026 1007 46
f 1007 1008 46
f 1008 1005 46
f 1005 1002 46
f 1002 997 46
f 997 1031 46
f 1031 1040 46
f 1040 1043 46
f 46 1043 47
f 1043 1055 47
f 1055 873 47
f 873 62 47
f 1109 1596 1106
f 1106 1596 1526
f 1596 1595 1526
f 1595 1614 1526
f 1614 1617 1526
f 1526 1617 1606
f 1606 1617 1484
f 1484 1617 1485
f 1485 1617 1536
f 1617 1618 1536
f 1618 1621 1536
f 1621 1760 1536
f 1760 1793 1536
f 1536 1793 1544
f 1793 1759 1544
f 1759 1622 1544
f 1544 1622 1155
f 1622 1609 1155
f 1609 1612 1155
f 1612 1717 1155
f 1155 1717 1152
f 1717 1189 1152
f 1189 1188 1152
f 1188 1418 1152
f 114 113 627
f 627 113 628
f 113 548 628
f 628 548 647
f 548 641 647
f 641 505 647
f 505 504 647
f 647 504 648
f 504 561 648
f 648 561 651
f 651 561 652
f 652 561 795
f 795 561 828
f 561 570 828
f 828 570 794
f 794 570 655
f 570 160 655
f 655 160 642
f 160 159 642
f 642 159 643
f 643 159 752
f 752 159 196
f 196 159 195
f 159 428 195
f 294 293 317
f 527 936 470
f 319 318 431
f 937 470 420
f 549 336 550
f 419 420 288
f 500 499 551
f 289 288 293
f 335 431 336
f 431 318 336
f 318 362 336
f 336 362 550
f 550 362 936
f 936 362 470
f 362 361 470
f 361 432 470
f 470 432 420
f 420 432 288
f 432 498 288
f 498 553 288
f 288 553 293
f 553 554 293
f 554 551 293
f 551 499 293
f 499 317 293
f 1873 1456 1528
f 1283 1308 1284
f 1310 1419 1309
f 1874 1407 1455
f 1527 1528 1327
f 1281 1280 1408
f 1481 1529 1480
f 1479 1420 1530
f 1326 1327 1419
f 1531 1530 1529
f 1352 1353 1420
f 1528 1456 1327
f 1419 1327 1309
f 1327 1456 1309
f 1309 1456 1353
f 1353 1456 1420
f 1420 1456 1530
f 1530 1456 1529
f 1529 1456 1480
f 1456 1455 1480
f 1455 1407 1480
f 1407 1408 1480
f 1480 1408 1308
f 1284 1308 1280
f 1280 1308 1408